N_0 <- 1000
y_0 <- 200

N <- 1000
y <- 200

cc <- 1
dd <- 1

nu <- 1
eta <- 1


