N_0 <- 100
y_0 <- 20

N <- 100
y <- 20

cc <- 1
dd <- 1

nu <- 1
eta <- 1


