N_0 <- 100
y_0 <- 10

N <- 1000
y <- 200

cc <- 1
dd <- 1

nu <- 1
eta <- 1


