N_0 <- 1000
y_0 <- 100

N <- 1000
y <- 200

cc <- 1
dd <- 1

delta <- 1
nu <- 1


